r = 1
数值解：[0.46000398976485324, 0.45997719742633003, 0.45994408027463757, 0.4599172879361126, 0.4599070541734343] 
精确解： [0.45973953906850235, 0.45971367747540043, 0.45968171078832004, 0.4596558491952181, 0.4596459709456564]

r=2
数值解： [0.4598717093526007, 0.4598454187303609, 0.459812921734098, 0.45978663111185136, 0.4597765889877391] 
精确解： [0.45973953906850235, 0.45971367747540043, 0.45968171078832004, 0.4596558491952181, 0.4596459709456564]

r = 1
数值解： [0.45973973558143955, 0.459713743288304, 0.45968161504709587, 0.45965562275395916, 0.4596456945814267] 
精确解： [0.45973953906850235, 0.45971367747540043, 0.45968171078832004, 0.4596558491952181, 0.4596459709456564]

r = 2
数值解： [0.4597395881045144, 0.45971369389331646, 0.4596816868880529, 0.4596557926768566, 0.4596459019682915]  [
精确解： [0.45973953906850235, 0.45971367747540043, 0.45968171078832004, 0.4596558491952181, 0.4596459709456564]

# 图片中1，2 顺序反的
