[0.         0.05       0.1        0.149875   0.1995     0.24875031
 0.29750188 0.34563156 0.39301749 0.43953935 0.48507866 0.52951912
 0.57274688 0.61465085 0.65512295 0.69405842 0.73135608 0.7669186 
 0.80065273 0.83246956 0.86228476]

[0.         0.04997917 0.09983342 0.14943813 0.19866933 0.24740396
 0.29552021 0.34289781 0.38941834 0.43496553 0.47942554 0.52268723
 0.56464247 0.60518641 0.64421769 0.68163876 0.71735609 0.75128041
 0.78332691 0.8134155  0.84147098]

 [0.         0.04996877 0.0998127  0.14940724 0.19862851 0.24735351
 0.29546052 0.34282934 0.38934161 0.43488115 0.47933416 0.52258958
 0.56453934 0.60507864 0.64410618 0.68152447 0.71724001 0.75116357
 0.78321039 0.81330041 0.84135845]