0.000000000000000000e+00 5.933318396549987325e-33 3.974610389542296103e-21 1.913685622886501277e-14 5.871477646470425031e-10 9.536743164062525411e-07 2.081161501337194732e-04 9.890889790690689937e-03 1.343547489608899470e-01 6.092521670507856646e-01 1.000000000000000000e+00 6.092521670507828890e-01 1.343547489608899470e-01 9.890889790690738509e-03 2.081161501337194732e-04 9.536743164062525411e-07 5.871477646470469492e-10 1.913685622886445110e-14 3.974610389542353279e-21 5.933318396550155645e-33 0.000000000000000000e+00
-4.746654717239989723e-33 -3.179688311623156623e-21 -1.530947782879330554e-14 -4.696837653764219754e-10 -7.618825871486372401e-07 -1.647763063374443123e-04 -7.538102762311855651e-03 -8.968019754546871503e-02 -2.455631855110266271e-01 2.966539006914140630e-01 1.312598266359373600e+00 9.891701015226971316e-01 2.339258362970492722e-01 1.763710870313635326e-02 3.738461307875700084e-04 1.716144051319536818e-06 1.056850666879701447e-09 3.444633803226769655e-14 7.154298701171488184e-21 1.067997311379027879e-32 -4.746654717239989723e-33
2.543750649289981091e-21 1.224757653959568270e-14 3.757194552410457277e-10 6.086606389412321533e-07 1.304496564130878770e-04 5.733884858442084634e-03 5.817557306421362179e-02 3.502619282697760905e-02 -6.793368544729790903e-01 -5.161015918429535665e-01 1.571340798228714419e+00 1.593365513703215219e+00 4.069568183721795629e-01 3.144771876101538216e-02 6.715501201765703343e-04 3.088213811841662491e-06 1.902303643313036630e-09 6.200340273464289332e-14 1.287773766210013452e-20 2.302127537861449333e-32 2.543750649289981091e-21
-9.798056652925376594e-15 -3.005535185550652686e-10 -4.862522161335518914e-07 -1.032641359803760809e-04 -4.352298505210109095e-03 -3.621946570617513850e-02 7.669507725400241671e-02 6.065166306669429463e-01 -8.099250645769995316e-01 -2.186055503900287800e+00 1.553721025849113646e+00 2.542492469968043345e+00 7.073640980611107798e-01 5.606865367368642911e-02 1.206319645268353041e-03 5.557263018400342105e-06 3.424096955241277806e-09 1.116061146201670612e-13 2.317992779176182393e-20 -2.035000519390546534e-21 -9.798056652925376594e-15
2.404251783420769352e-10 3.884607765734423987e-07 8.173605479526046982e-05 3.295963359403410089e-03 2.114143525556191200e-02 -1.265511000743171632e-01 -3.471621654763499820e-01 1.739669986862096840e+00 2.909792868816312161e-01 -5.177876727699808335e+00 7.627038705539699315e-01 4.010595167493589130e+00 1.228400453571049988e+00 9.995852089642089100e-02 2.166929551068315276e-03 1.000033415555642114e-05 6.163285234542603546e-09 2.008909877723584607e-13 4.335187044068371489e-20 7.838441659339366188e-15 2.404251783420769352e-10
-3.103358559377381690e-07 -6.468961443837617227e-05 -2.489645788891258708e-03 -1.098041415752339101e-02 1.392954635194651458e-01 4.993775224730909179e-02 -2.016627887347107073e+00 2.898622546846469028e+00 4.666064098546782724e+00 -9.930341206302829349e+00 -1.835609166997725028e+00 6.236350938631619378e+00 2.131153999710753144e+00 1.781917939727029332e-01 3.892472924598521997e-03 1.799567085181392217e-05 1.109375270938646727e-08 3.616037433087488572e-13 -6.270675294104699300e-15 -1.923260334786747129e-10 -3.103358559377381690e-07
5.119308701001300748e-05 1.875275325123929547e-03 4.302968906014446523e-03 -1.312011162991142121e-01 2.107816325371899835e-01 1.703190263922841785e+00 -5.948828234701966977e+00 1.484669305486218338e+00 1.634318834242647256e+01 -1.640612683774691050e+01 -8.293177251501198555e+00 9.520508489768310767e+00 3.693523764301192891e+00 3.176312508111864275e-01 6.992054727595888204e-03 3.238333253109755192e-05 1.996846559390099226e-08 6.559032781910316071e-13 1.538495395674103729e-10 2.479224978899289368e-07 5.119308701001300748e-05
-1.408072703481119941e-03 -6.687953958848429428e-05 1.127062370701173710e-01 -4.047873153681575409e-01 -9.831452725713314411e-01 7.824805062822687951e+00 -1.189562626685251345e+01 -1.040214592406598371e+01 4.254264048656517616e+01 -2.289648650674347863e+01 -2.254412584451680246e+01 1.418209627014200436e+01 6.394237775093197129e+00 5.661426076780587957e-01 1.255979184364771836e-02 5.827402378350046957e-05 3.594271334639922333e-08 -1.218990057531844224e-10 -1.980610691407217936e-07 -4.050820911180852944e-05 -1.408072703481119941e-03
-2.481027234595228025e-03 -9.028537282735316083e-02 5.267010790207372617e-01 5.789905039438159040e-02 -8.029505540886546555e+00 2.360115012656284961e+01 -1.309041054108173796e+01 -5.275797505257090592e+01 9.489394208121208862e+01 -2.317837503652481246e+01 -5.192510353624384578e+01 2.041238306618105014e+01 1.105671390902530682e+01 1.009008860345587566e+00 2.256100609953909028e-02 1.048644886396237223e-04 6.479440322812115027e-08 1.582294371022216870e-07 3.205005736499352636e-05 1.053543386383640462e-03 -2.481027234595228025e-03
6.776244923961111111e-02 -5.838745343058254766e-01 9.017427019218217099e-01 6.527822723419123285e+00 -3.333403007484606206e+01 5.295439866067851398e+01 1.864364106810959498e+01 -1.708795087595972859e+02 1.893517957754015981e+02 -1.809922367495815365e-01 -1.097950928181837469e+02 2.789691839190563627e+01 1.909487794796908133e+01 1.798167143742426255e+00 4.052591938825866186e-02 1.887042440287401823e-04 -9.953623871159284402e-09 -2.535523290521082075e-05 -7.851446058499239296e-04 3.881199883166735164e-03 6.776244923961111111e-02
5.890720360759602592e-01 -1.772368323287943026e+00 -3.599121315276019750e+00 3.841730496203126677e+01 -1.023647730632657158e+02 8.040300473473362786e+01 1.702621609302750869e+02 -4.590645523875963363e+02 3.409780261851225305e+02 8.751028822839774080e+01 -2.199487017862552420e+02 3.493855074705487596e+01 3.293224659135040611e+01 3.204280123225760057e+00 7.279569150364258168e-02 3.396756021508292559e-04 2.026626980120056838e-05 5.824762654505596026e-04 -4.518220197063251009e-03 -4.722379960198876125e-02 5.890720360759602592e-01
2.478224323567082443e+00 -3.109659296974816023e-01 -3.721226233712184239e+01 1.510429673822688414e+02 -2.485789953016651737e+02 8.515679778300466296e+00 6.737235315845721288e+02 -1.099098615245771271e+03 5.437522165505023395e+02 3.334774802401200873e+02 -4.238585038129032796e+02 3.654359407161845041e+01 5.671461976585011655e+01 5.709467668603453561e+00 1.307605042248359828e-01 5.952030680305321489e-04 -4.295017267182866150e-04 4.663033435461607333e-03 2.964624332687715302e-02 -5.562604681443479304e-01 2.478224323567082443e+00
4.709576526178733680e+00 2.921007119624200499e+01 -1.878164461126343667e+02 4.707405375294159739e+02 -4.542547353656376004e+02 -5.236506016667167387e+02 2.091981249048846621e+03 -2.413379280682790068e+03 7.119720055988080958e+02 9.393462674825386785e+02 -7.921801821205206124e+02 2.040677351623311608e+01 9.751874144364744268e+01 1.017243340010634611e+01 2.348927451502803299e-01 1.414966903829586835e-03 -4.503529856462201546e-03 -1.532353447767082801e-02 4.983716125038571976e-01 -2.983848301513492007e+00 4.709576526178733680e+00
-1.489081920987188212e+01 2.028312850433430867e+02 -7.146620330262745711e+02 1.210736755845458674e+03 -3.987380423247742556e+02 -2.616156082239167517e+03 5.696269672834155244e+03 -4.913660309708067871e+03 5.300725960918234705e+02 2.324567427164985929e+03 -1.442249746629923493e+03 -4.128280082569833809e+01 1.673957878784803199e+02 1.812246592407119650e+01 4.216749677474408986e-01 6.149764312063017192e-03 4.152473840504699101e-03 -4.262796520628931995e-01 3.284147543717736539e+00 -9.138588163667272113e+00 -1.489081920987188212e+01
-1.890685026124438366e+02 9.368259394990370765e+02 -2.254981064123660872e+03 2.498316594381644791e+03 1.375196389606740468e+03 -9.266096686297823908e+03 1.418421365886793137e+04 -9.268646634347978761e+03 -9.055232687667064511e+02 5.338021166200913285e+03 -2.563023303273303100e+03 -2.082256717890412574e+02 2.868144454420075817e+02 3.228309868913019898e+01 7.540951304957431711e-01 7.747596689309670798e-03 3.484981745632229622e-01 -3.394621408687396702e+00 1.322233610962574346e+01 -4.536803326703582329e+00 -1.890685026124438366e+02
-1.089784056301628425e+03 3.490271542397194935e+03 -6.057619190927905038e+03 3.396812758201568613e+03 9.888230850330390240e+03 -2.802634496243042668e+04 3.294650189344065438e+04 -1.595914532681299534e+04 -5.900358816740801558e+03 1.165885674178028603e+04 -4.446861408460711573e+03 -6.042577655738803060e+02 4.904395228443094652e+02 5.750630153603776051e+01 1.351173157540889624e+00 -2.648528656098209089e-01 3.342993841163718560e+00 -1.668818742333790794e+01 2.742964765868920196e+01 1.430885561018886278e+02 -1.089784056301628425e+03
-4.753828535260686294e+03 1.112858412905727346e+04 -1.362116475023148269e+04 -1.796321715501489052e+03 4.021989150053904450e+04 -7.680462244712728716e+04 7.207101966964355961e+04 -2.400617453487074818e+04 -1.994773126355766726e+04 2.454343126197308447e+04 -7.520944322770175859e+03 -1.480015596308432123e+03 8.367860998909267209e+02 1.024304042388352514e+02 2.643993976061457918e+00 -3.151130231028652418e+00 1.936793885276501825e+01 -5.198245548895958734e+01 -6.509747909587034087e+01 1.129386646024702259e+03 -4.753828535260686294e+03
-1.745975866671505355e+04 3.092838323248827510e+04 -2.308103917801547504e+04 -3.540929228833391244e+04 1.338395026586721069e+05 -1.959051361405439675e+05 1.489327750332549913e+05 -2.725292915192120927e+04 -5.554066128398226283e+04 5.019493172976768983e+04 -1.235368730393956866e+04 -3.333456953267918834e+03 1.424270656412599919e+03 1.822595324490542907e+02 7.280093341733545387e+00 -2.116638549806358682e+01 7.644825432614469207e+01 -4.149043660343098594e+01 -1.020684779192328278e+03 5.835958791053012646e+03 -1.745975866671505355e+04
-5.617027218607770919e+04 7.413592116089127376e+04 -1.321843668976072513e+04 -1.708083282459387265e+05 3.976352136980448849e+05 -4.717754650795831112e+05 2.898813383813959081e+05 -4.622743446272368601e+03 -1.401291356949821929e+05 1.002338269567334937e+05 -1.956987158447688489e+04 -7.139639041012333109e+03 2.417879555583436286e+03 3.222430837349108401e+02 3.003727641357124867e+01 -9.925809735743020212e+01 1.707992070698052203e+02 7.418650374676867614e+02 -6.505999635388600836e+03 2.447253275726746506e+04 -5.617027218607770919e+04
-1.604152268636528752e+05 1.440194074414128554e+05 1.128534765551816672e+05 -6.255631618011256214e+05 1.093163756720147096e+06 -1.081100907848366071e+06 5.254846038435305236e+05 1.037823703526954778e+05 -3.324195058163547073e+05 1.960767857897017966e+05 -2.951405761924852413e+04 -1.478565391828894644e+04 4.094388733062255596e+03 5.560077295919824110e+02 1.334735754303723922e+02 -3.153039408992185031e+02 -2.860534572484999671e+02 6.540156775752716385e+03 -3.128882554951345082e+04 8.898677671194358845e+04 -1.604152268636528752e+05
-4.039629343077054364e+05 1.689521521503978001e+05 7.035867872402274515e+05 -2.000544696618143469e+06 2.832575488374957349e+06 -2.366369317201883066e+06 8.628463906361984555e+05 4.527438712879355298e+05 -7.552165391011998290e+05 3.765494605168619892e+05 -4.129678058001618047e+04 -2.988968803936990662e+04 6.925093535838473144e+03 8.940350529212703350e+02 4.924955884940450801e+02 -3.387043278197933205e+02 -5.747021643649472935e+03 3.680334263596564415e+04 -1.275093073586790706e+05 2.885083795724207303e+05 -4.039629343077054364e+05
-8.622950034741879208e+05 -2.587555559214659152e+05 2.866891974326923955e+06 -5.867040844612623565e+06 6.991731332836428657e+06 -4.949741883472347632e+06 1.190928406114808749e+06 1.419112199599243701e+06 -1.660629338795649121e+06 7.108264533943644492e+05 -5.042245461253319809e+04 -5.934151329953660024e+04 1.174994032217223503e+04 1.215266624463050448e+03 1.157455521545115744e+03 3.987949524843950712e+03 -3.978731306734156533e+04 1.682534626316814101e+05 -4.603234569035588647e+05 8.424854306765216170e+05 -8.622950034741879208e+05
-1.345126561516365502e+06 -2.759273580120177940e+06 9.854038229478560388e+06 -1.615405858657186478e+07 1.654490990588345006e+07 -9.862278115142071620e+06 1.008381371327260975e+06 3.882905430315157399e+06 -3.557793972547659650e+06 1.319825579799882602e+06 -4.328720766293047200e+04 -1.162146761969036597e+05 2.017767928033958015e+04 1.261515506797397848e+03 -1.106939681093952004e+03 3.900815959859236318e+04 -2.062199336265599122e+05 6.711149982598735951e+05 -1.502570566967623075e+06 2.206309777997089084e+06 -1.345126561516365502e+06
-2.138089466333151795e+05 -1.284992302779916674e+07 3.066051568231889978e+07 -4.231323338053610921e+07 3.767066032270386070e+07 -1.855880570431753621e+07 -1.291237875863056164e+06 9.835464952605409548e+06 -7.459889614425692707e+06 2.410315809770132881e+06 1.505476716424808546e+04 -2.253285605786982342e+05 3.531061029917332780e+04 3.156279657110477729e+03 -3.319901910484299879e+04 2.351906341787141864e+05 -9.080878791357066948e+05 2.410063450441870838e+06 -4.469674842939392664e+06 5.047458849607852288e+06 -2.138089466333151795e+05
9.895082318299366161e+06 -4.765827399589361250e+07 8.903951493260289729e+07 -1.063003483431280851e+08 8.265423314432097971e+07 -3.237285996708111465e+07 -1.019260013863782771e+07 2.367174860623028874e+07 -1.535605395378235169e+07 4.326524643854840659e+06 2.073614293586051208e+05 -4.338398972809954430e+05 6.103407481282360095e+04 3.224051866667325521e+04 -2.479107417316887295e+05 1.149813444830250693e+06 -3.562608942797768395e+06 7.913854085146881640e+06 -1.208338179697718844e+07 9.256473086600786075e+06 9.895082318299366161e+06
5.593776736965374649e+07 -1.570165051386907995e+08 2.453114055531876683e+08 -2.574640135330873132e+08 1.746759076334426403e+08 -5.011706782983574271e+07 -3.728407913453231752e+07 5.489399065424039215e+07 -3.110211683189210296e+07 7.621855215451828204e+06 7.203224906702855369e+05 -8.297390749560504919e+05 8.406891972974386590e+04 2.563615269853628415e+05 -1.366090090981240151e+06 4.919751354932665825e+06 -1.274377936515348777e+07 2.391164279084613547e+07 -2.915526570383956283e+07 8.745585701241921633e+06 5.593776736965374649e+07
